70/70c56631eef0de6e 205338000 206039000 129.1536576 229.606504704 128.0 128.0 0.99819994 0.000533494 -0.05997207 -0.11715605 0.00010674 0.999943078 0.01067182 0.1044133 0.059974346 -0.010659011 0.998143017 -1.495082769 0.998011529 0.001372493 -0.063016787 -0.066080717 -0.000737489 0.99994874 0.010098905 0.231319271 0.063027419 -0.010032349 0.997961342 -1.591359266
70/70c5a81e8b7868cc 206840000 207340000 122.738586368 218.20194176 128.0 128.0 0.999994755 -0.001886686 0.00262997 -0.000922921 0.001887565 0.999998152 -0.000331928 -0.000109622 -0.002629339 0.000336891 0.999996483 -0.023220431 0.993460476 -0.017174726 0.112877198 -0.009976161 0.017600913 0.999841213 -0.002780127 -0.01447276 -0.112811521 0.004748688 0.993605077 -0.224640648
70/70c9cd9e51b7812a 93860000 94227000 128.660529152 228.729841152 128.0 128.0 0.990119636 -0.049607683 0.131156877 -1.52985632 0.040852107 0.996805727 0.0686258 -0.218716876 -0.134142295 -0.06258972 0.988983512 -3.457827888 0.978446245 -0.060748514 0.197363943 -1.51173292 0.045968752 0.995843709 0.078626677 -0.254546728 -0.201320097 -0.067859404 0.977172077 -3.616263103
70/70cbdbedb93e8ff9 34734700 33666967 124.614022144 221.53604096 128.0 128.0 0.972772658 0.001990631 -0.231752902 0.39250172 -0.001919736 0.999998033 0.000531428 -0.010356836 0.231753498 -7.2054e-05 0.972774565 -0.206400697 0.986717641 0.002031865 -0.16243197 0.268279937 -0.002028685 0.999997914 0.000185442 -0.006852767 0.162432015 0.000146544 0.986719728 -0.159911069
70/70cdd195c14be815 165932433 167066900 133.358268416 237.0813504 128.0 128.0 0.996014655 0.017479701 -0.087460019 0.452474223 -0.009887817 0.996203125 0.086495787 -0.01239601 0.088639863 -0.085286282 0.992405772 -0.601574746 0.917683899 0.08346431 -0.388445556 0.954864859 -0.044190116 0.993061304 0.108979523 0.01264806 0.394846141 -0.082843304 0.915004671 -0.679249834
70/70cf15108963a3d2 100100000 100467033 139.150162688 247.378060032 128.0 128.0 0.925431609 -0.105409771 0.363957584 0.162576629 0.081241615 0.993386745 0.081133381 0.263418013 -0.370102882 -0.045514893 0.927875161 -1.001641993 0.881045341 -0.118678108 0.457902402 0.043348712 0.078773886 0.991309464 0.105357319 0.267683736 -0.466426611 -0.056753825 0.882737339 -1.214356312
70/70d1c55ddcd4a753 169294125 167750917 130.94330368 232.788077056 128.0 128.0 0.999996126 0.002398391 0.001430103 0.094714601 -0.0024229 0.999845862 0.017389676 -0.026240093 -0.001388175 -0.017393073 0.99984777 0.0034126 0.999997556 0.000346544 0.002172511 0.026663079 -0.000386663 0.999828935 0.018493429 -0.02710238 -0.002165731 -0.018494224 0.99982661 0.00565447
70/70d4bbfaf86a535a 56181125 55013292 118.753705472 211.117715712 128.0 128.0 0.998578787 -0.025755657 -0.046659444 0.331630568 0.026727626 0.999436021 0.020328317 0.0995923 0.046109561 -0.021546522 0.998704016 -1.7615257 0.999716222 -0.006770245 -0.022838879 0.171355273 0.006363681 0.999820828 -0.017827356 0.083986282 0.022955483 0.017676959 0.999580204 -0.929695287
70/70d5bac4766f747f 102202100 101334567 131.884767488 234.461810176 128.0 128.0 0.98186332 -1.2983e-05 -0.189590067 0.047389952 0.000394491 0.999997973 0.001974537 0.004994079 0.189589664 -0.002013517 0.981861353 -0.407474267 0.998353422 -0.000839436 -0.057356417 0.025107037 0.0008964 0.999999106 0.00096745 0.003671512 0.057355557 -0.001017271 0.998353302 -0.185870671
70/70d77f9684e8fb40 123999000 122831000 175.803507456 312.539574784 128.0 128.0 0.980439126 0.061409406 -0.186997309 0.351624714 -0.059554219 0.998104274 0.015528058 -0.070918677 0.187596396 -0.004087836 0.982237697 0.138890595 0.992960334 0.039549258 -0.111649603 0.221806133 -0.039042626 0.999214947 0.006721312 -0.050004104 0.111827776 -0.002314903 0.993724883 0.100421392
70/70d878da47f984e4 160426000 160727000 128.894428672 229.145655808 128.0 128.0 0.832176268 -0.13290748 -0.538347661 1.674767589 -0.055766307 0.945869565 -0.31972003 2.702294113 0.551699877 0.296085089 0.779718459 -3.295778102 0.79989624 -0.142882556 -0.582881272 1.955713102 -0.076685086 0.93894881 -0.335401952 2.7838751 0.595218778 0.312985063 0.740104675 -3.309128856
70/70dc449495ad383c 279545933 278578300 127.29674752 226.30532224 128.0 128.0 0.952006698 -0.042611416 0.303096473 0.016436745 0.037036058 0.999022782 0.024121691 0.088542535 -0.30382815 -0.011738513 0.952654541 -0.813987692 0.989438951 -0.023635119 0.143010408 0.03657247 0.022128293 0.999681711 0.012118007 0.030812323 -0.1432513 -0.008825451 0.989646971 -0.332922999
70/70dccc8849338e64 82582656 81915289 192.167696896 341.631479552 128.0 128.0 0.997616529 0.049771924 -0.047791138 -0.208872322 -0.049478076 0.998748422 0.007312745 0.006354659 0.048095297 -0.004930702 0.998830557 0.169705557 0.999495864 0.028637031 -0.013707177 -0.169066891 -0.028569462 0.999578774 0.005100172 0.004002057 0.013847457 -0.004705994 0.999893069 0.178268566
70/70e06d0ca9ba12d7 253119000 252551000 122.248310272 217.330342912 128.0 128.0 -0.235759169 0.403792322 -0.883951008 0.763717597 -0.06265422 0.901383042 0.428465903 0.008092061 0.969789684 0.156398013 -0.187210023 -2.433950974 -0.146825343 0.413983554 -0.89836514 0.467978562 -0.059919067 0.902817786 0.425828338 -0.035724968 0.987345934 0.11635159 -0.107751012 -1.944672659
70/70e2ab9029cc6bbb 197564000 196296000 120.721632256 214.616226304 128.0 128.0 0.956160188 0.005344972 0.2927953 0.702386818 0.005884153 0.99928093 -0.037457302 0.057426722 -0.292784959 0.037538037 0.955441177 -1.350529314 0.945553064 0.014803464 0.325131088 0.35448353 0.010951512 0.996952295 -0.077241406 0.003185977 -0.325283617 0.076596528 0.942509174 -0.727720488
70/70e3d701fe2e7578 57023633 58024633 120.797449728 214.751032832 128.0 128.0 0.874183416 -0.000184823 -0.485595822 0.948269556 0.024692526 0.998723149 0.044072062 -0.097630408 0.484967649 -0.050517652 0.87307179 -3.76490302 0.869103074 -0.007206437 -0.494578511 0.997391612 0.030940726 0.998727739 0.039818577 -0.124506974 0.493662328 -0.049909066 0.868220329 -4.31578859
70/70e5a51e17c67946 73006267 72105367 128.867535872 229.097825024 128.0 128.0 0.486659348 -0.227806613 0.843366385 0.347819412 0.167806774 0.971800089 0.165666729 -0.352954807 -0.857323468 0.060899321 0.511163116 -0.897969886 0.617825508 -0.204978034 0.759128213 0.30023324 0.164372906 0.977762759 0.130236387 -0.274355657 -0.768942893 0.044316739 0.637779653 -0.549631966
70/70e5b380ebde6240 191458000 191658000 131.405284608 233.609387264 128.0 128.0 0.993713319 -0.008447486 0.111635715 -0.175283837 0.017506262 0.996607602 -0.080416702 0.283526109 -0.11057768 0.081865467 0.990490079 0.001389609 0.992662191 -0.009692488 0.120531268 -0.189258962 0.020387247 0.995928049 -0.087816462 0.303494231 -0.119189307 0.089629389 0.988817692 0.00590135
70/70e73cd89c3a3cc9 266966700 267467200 128.26802816 228.032044032 128.0 128.0 0.999187529 2.1119e-05 -0.040302932 -0.38803046 -0.000191557 0.999991059 -0.00422506 0.100107225 0.040302482 0.004229348 0.999178588 -1.230331937 0.997972906 0.001324926 -0.063626826 -0.449074411 -0.001554076 0.99999249 -0.003552108 0.107751984 0.06362164 0.003643789 0.997967422 -1.469837848
70/70e8abd9ce40a528 216382000 215248000 122.554527232 217.87470848 128.0 128.0 0.788928986 -0.03582627 0.613439083 -0.325900898 0.020652231 0.99928087 0.031799994 -0.017128974 -0.614137232 -0.012419051 0.789101541 -0.36656173 0.915228486 -0.021131719 0.402380675 -0.280315782 0.011536675 0.999588728 0.026254576 -0.045609581 -0.402770013 -0.019386802 0.915095866 -0.177890164
70/70e9cedc1b651390 247614033 248715133 121.920927488 216.748323584 128.0 128.0 0.952915609 0.037339818 -0.300927907 0.084094742 -0.038041092 0.999269962 0.003531103 0.050492381 0.30084008 0.008082784 0.953640342 -0.603127936 0.923146546 0.035429489 -0.382812262 0.19077211 -0.030010663 0.999347091 0.020119829 0.107986067 0.383275151 -0.007085101 0.923607051 -1.232036361
70/70e9f9b109005879 132399066 131064398 120.900431616 214.934099968 128.0 128.0 0.97056669 -0.016678331 0.240254313 0.041867435 0.014173157 0.999825716 0.012151424 0.563108825 -0.240415111 -0.008388605 0.970633924 -0.540711147 0.98281461 -0.011808417 0.184217408 0.080696901 0.010297906 0.99990505 0.009154204 0.207559098 -0.184308022 -0.007099832 0.982842863 -0.668737681
70/70ed02e1d7906cfd 139239100 138805333 122.183812352 217.21568128 128.0 128.0 0.917495728 -0.040777303 0.39564985 0.077979275 0.072724015 0.995160699 -0.066078648 0.230888266 -0.391040683 0.089400128 0.916021168 -1.289671291 0.881377041 -0.050061055 0.469753563 -0.080362346 0.081324525 0.995603025 -0.046485301 0.190952735 -0.465360969 0.079173565 0.881572843 -1.116968132
70/70ed872834072a9e 177510667 177911067 127.980843776 227.521501696 128.0 128.0 0.997368634 -0.018692745 0.070046037 0.057434661 0.020059895 0.999620795 -0.018865511 0.095451948 -0.069666833 0.020220986 0.997365355 -2.527616643 0.996183872 -0.019446474 0.085085571 0.02724624 0.020718493 0.999686003 -0.014092402 0.095828963 -0.084784806 0.015801469 0.996273994 -2.993926911
70/70f3c97d083b73b6 133032900 133566767 128.931885568 229.212249856 128.0 128.0 0.99996537 0.003383743 0.007605695 -0.387126448 -0.00338623 0.999994218 0.000314091 0.001419813 -0.007604588 -0.000339835 0.999971032 0.008307989 0.999960542 0.004487749 0.007667758 -0.4359426 -0.004478733 0.999989271 -0.001192637 0.005775407 -0.007673028 0.001158248 0.9999699 0.010324629
70/70f3f48d1bbd371d 127727600 127527400 152.060119296 270.329118976 128.0 128.0 0.905788422 -0.069301367 0.418024749 -0.076891986 0.061169159 0.997587025 0.032839756 0.088553106 -0.419291914 -0.004175648 0.907841861 -0.337926745 0.884611309 -0.07324852 0.460540444 -0.118364897 0.064185821 0.997312248 0.035332724 0.09255904 -0.461890727 -0.00169556 0.886935234 -0.355871799
70/70f96242a143e062 184017167 184851333 127.40566912 226.498956544 128.0 128.0 0.970630109 0.009342592 -0.240395248 0.075793242 -0.052543838 0.983354032 -0.17393671 0.434848928 0.234768614 0.181459501 0.954963923 -0.737764675 0.958197117 0.012543687 -0.285833746 0.145708945 -0.066865169 0.981190443 -0.181092218 0.624303583 0.278185785 0.192634359 0.941012561 -0.749548392
70/70fb3239e4843ac3 105305200 105171733 125.778096896 223.60552064 128.0 128.0 0.999380291 0.00329358 0.035044767 0.066116209 -0.001855941 0.999158382 -0.040976662 -0.004336425 -0.035150234 0.040886227 0.998545349 -0.008287854 0.999459445 0.003099912 0.032728981 0.060187889 -0.001846457 0.999266148 -0.038259003 -0.00390605 -0.032823563 0.038177889 0.998731732 -0.007361877
70/7101541e2e4954a0 90957000 92025000 126.057740544 223.75249792 128.0 128.0 0.965029061 0.162540406 0.205668554 -2.085509989 0.029422307 0.712450325 -0.701105475 -0.319963978 -0.260486603 0.682638347 0.682752967 -2.466654708 0.853893518 0.338092685 0.395675659 -3.30135877 0.043432042 0.711317301 -0.701527834 -0.306338772 -0.518632412 0.61621505 0.59270519 -2.522944948
70/710517405163201a 62796067 62295567 122.260548864 217.352084736 128.0 128.0 0.993332565 -0.037199959 0.109117538 0.201637029 0.030045152 0.997334182 0.066496789 0.139998338 -0.111300327 -0.062774971 0.991802156 -0.43538174 0.997301698 -0.022492897 0.069881171 0.110779895 0.019648818 0.998960853 0.041123003 0.096904281 -0.070733532 -0.039638959 0.99670732 -0.250486491
70/710b61129ca88970 157256000 156857000 122.753391104 218.228257792 128.0 128.0 0.994449079 -0.012666681 0.104453504 0.205857946 0.012703018 0.999919236 0.000317389 -0.395908548 -0.104449086 0.001011247 0.994529724 0.103934835 0.999337912 -0.004986651 0.036039971 0.08976808 0.005049927 0.999985874 -0.001664879 -0.268221154 -0.036031161 0.001845776 0.999348938 0.032623917
70/710e0b16fe2d5162 120120000 121321200 117.497975552 208.885304064 128.0 128.0 0.994175494 -0.000273894 0.107772976 -0.267371026 0.002070713 0.999860704 -0.016560696 0.010242849 -0.107753433 0.016687404 0.994037569 -0.868418172 0.981241286 -0.000961382 0.192781284 -0.513883531 0.003571218 0.9999066 -0.013190777 0.02033946 -0.192750603 0.013631798 0.981153071 -1.29780022
70/711158245668f656 64522767 63221467 122.74926848 218.220933376 128.0 128.0 0.082808368 -0.081742801 0.993207395 -3.799174912 0.093570128 0.992865264 0.073913261 0.701578354 -0.992163002 0.086813904 0.089866236 -6.28304022 0.286797255 -0.053225365 0.956511557 -2.320488446 0.109187521 0.993765116 0.022559928 0.79634937 -0.95174861 0.097969003 0.290820658 -5.757332847
70/7111ae9755f6fbb2 32407378 31322956 127.894522624 227.368036864 128.0 128.0 0.999998212 0.000518362 0.001834859 -0.120884359 -0.000516866 0.999999523 -0.00081578 -0.00281557 -0.001835281 0.000814831 0.999997973 -0.094385672 0.999999642 0.000333019 0.00076345 -0.061293646 -0.000332311 0.999999523 -0.000927207 -0.002851082 -0.000763758 0.000926953 0.999999285 -0.045708165
70/71123d626135fbfd 168168000 168835333 129.700309504 230.578322176 128.0 128.0 0.993966818 0.028119309 -0.106015451 -0.613057546 -0.026933916 0.999557853 0.01259682 -0.018725376 0.106322788 -0.009665409 0.994284689 -0.663980355 0.993920743 0.023550538 -0.107549511 -0.768798066 -0.022247391 0.999664009 0.013300691 -0.005959786 0.107826613 -0.010827137 0.994110763 -1.014317326
70/7113a6242fa0ecb9 119385933 120353567 130.42625664 231.86890368 128.0 128.0 0.999670029 -0.002167322 0.02559665 0.006560298 0.002176388 0.999997556 -0.000326318 0.002013283 -0.025595881 0.000381919 0.999672294 0.008114937 0.989599884 0.015437224 -0.143016517 -0.061254628 -0.014443843 0.999863803 0.007981569 -0.004390431 0.143120259 -0.005832852 0.989688098 0.004300776
70/7114c943bd1451ab 112512400 113046267 123.131683328 218.900759552 128.0 128.0 0.610431373 0.026280927 -0.79163301 -0.566866251 -0.023426402 0.999611199 0.015121272 0.020228856 0.791722596 0.009314614 0.610809743 -2.072258442 0.705498636 0.018665269 -0.708465397 -0.819814694 -0.017168965 0.999809861 0.009243977 0.035180051 0.708503246 0.005642004 0.70568496 -2.151744368
70/71158ce6e52f006e 68134733 69335933 123.019565312 218.70145408 128.0 128.0 0.974655271 0.089092247 -0.205206439 0.052293931 -0.117482848 0.984450877 -0.130592093 0.479182571 0.190380916 0.151390508 0.969967008 -0.358241489 0.988164783 0.079860166 -0.130968168 -0.083639471 -0.096519388 0.987294853 -0.126225621 0.518825496 0.119223796 0.137372687 0.98331809 -0.651230899
70/7115afbb65c8ac64 93793000 94494000 119.325211136 212.13369984 128.0 128.0 0.831749439 0.022008438 -0.554714799 2.559599202 -0.030372148 0.999521315 -0.005884313 -0.061542108 0.554319739 0.021742154 0.832019746 -4.446525444 0.826687694 0.020910779 -0.56227237 2.685372304 -0.030238152 0.999516189 -0.007286231 -0.035404091 0.561847925 0.023025515 0.826920033 -4.804490181
70/71181bfc241bc4af 74774700 76076000 121.661419264 216.286972928 128.0 128.0 0.999834955 -0.003544308 -0.017819934 0.190153801 0.003610436 0.999986708 0.003680121 0.428756942 0.017806655 -0.003743851 0.999834418 -8.293096459 0.998499036 -0.01487599 0.052710906 -0.565367939 0.015082675 0.999880016 -0.003525477 0.544660818 -0.052652135 0.004315207 0.998603582 -9.285991396
70/71184096bdfa36c7 211311100 210643767 181.397173504 322.483863296 128.0 128.0 0.998672009 0.002324834 -0.051466133 -0.671846953 -0.003784479 0.999592841 -0.028282018 -0.371880729 0.051379427 0.028439233 0.998274207 1.372878554 0.999829531 -1.4774e-05 -0.018463353 -0.437410247 -0.000162546 0.999953866 -0.009602354 -0.284062884 0.018462643 0.009603718 0.999783397 0.889783921
70/7119104be3d7ff85 115615616 116483150 128.309351424 228.105530112 128.0 128.0 0.999697328 0.002757136 -0.024446955 0.034468126 -0.003887849 0.998918831 -0.046325516 0.087978361 0.024292797 0.046406541 0.998627186 -0.165235265 0.999728203 0.004343467 -0.022904752 0.051757636 -0.0054723 0.998761415 -0.049453717 0.170182504 0.022661582 0.049565617 0.998513758 -0.182038035
70/711a29d5a720879b 169102000 168234000 158.617089792 281.98592896 128.0 128.0 0.959458768 -0.264144629 0.098318048 -0.334097473 0.280731529 0.926656723 -0.249994189 0.876062084 -0.025072455 0.267460108 0.96324271 0.136391415 0.970667481 -0.239423141 0.021935672 -0.297303111 0.23759079 0.941250682 -0.23999539 0.596795757 0.036813483 0.238167435 0.970526159 -0.071810281
70/711c812613b6a8d7 191457933 190924067 128.714061824 228.824979712 128.0 128.0 0.997184515 -0.011500699 -0.074100077 0.028214809 0.01171119 0.999928534 0.002406728 -0.034706047 0.074067101 -0.003267752 0.997247934 0.491925805 0.997862637 -0.006814634 -0.064990319 0.020535115 0.007572145 0.999906182 0.01141656 -0.037251965 0.064906426 -0.011884275 0.997820556 0.341804655
70/7125ae35464adb5a 172639133 173106267 122.130336 217.120603392 128.0 128.0 0.993970215 -0.025509318 0.106641613 0.204308268 0.024682386 0.999654233 0.009067213 -0.133793933 -0.106836036 -0.00638037 0.994256198 0.606711279 0.977746487 -0.042392969 0.20546189 0.437563144 0.040585861 0.999091446 0.013003713 -0.166513989 -0.205826476 -0.004375487 0.978578746 0.7748959
70/712843fc7700b401 160059900 160860700 128.014675968 227.581633792 128.0 128.0 0.999988198 0.00020544 -0.004850375 0.164259685 -0.000191808 0.999996006 0.002810731 -0.006973774 0.004850933 -0.002809767 0.999984264 0.008521456 0.999978602 -0.00025185 -0.006540415 0.211710699 0.000272062 0.999995172 0.003089557 -0.007678763 0.006539606 -0.00309127 0.999973834 0.011334598
70/71298309a15011c5 243276378 243676778 129.489331456 230.203258624 128.0 128.0 0.793225527 -0.063693531 0.605587602 -1.050407673 0.055864275 0.997932315 0.031785429 0.433574206 -0.606359959 0.008617698 0.795143604 -2.444989042 0.738855779 -0.071568526 0.67005229 -1.33602237 0.061194513 0.99736166 0.039050359 0.455558248 -0.671079218 0.012150938 0.741286039 -2.59029122
70/712bd3e0258cb051 195828967 194794600 123.423936768 219.420346624 128.0 128.0 0.9648664 -0.010234948 0.262541503 -0.170924301 0.009234451 0.999944627 0.005044424 0.021243105 -0.262578607 -0.002442769 0.964907527 -1.269854261 0.966198564 -0.00929003 0.257631481 -0.16205416 0.008490223 0.999955058 0.004216768 0.012549567 -0.257659078 -0.001886887 0.966234028 -1.064910828
70/712e2fabee54ad63 63772000 65274000 133.637371904 237.57754368 128.0 128.0 0.995115459 -0.013798486 -0.097748555 -0.445368694 0.013927912 0.999902785 0.000641823 -0.008829603 0.097730197 -0.002000121 0.995210946 -0.060882351 0.983685136 -0.012140329 -0.179488525 -0.645360469 0.011882335 0.999926269 -0.002512458 -0.001646703 0.17950578 0.000338725 0.98375684 -0.10720591
70/71306b60ab5ab309 57957900 59192467 121.07826944 215.250255104 128.0 128.0 0.39470464 -0.003922273 -0.918799698 2.884852674 -0.004660685 0.999969482 -0.006270951 0.215851513 0.918796241 0.00675741 0.394674301 -0.177245423 0.094031751 -0.010425557 -0.995514631 3.537685909 -0.017571332 0.999772012 -0.012129852 0.251415864 0.995414138 0.018633109 0.093827128 0.924741122
70/7139dc5527cea06f 148248000 147180000 128.31828736 228.121402624 128.0 128.0 0.326215595 -0.011600349 -0.945224226 0.286664135 -0.064470105 0.997323453 -0.03448965 0.136575325 0.943094373 0.072189771 0.324594587 0.036809599 0.164555982 -0.011080339 -0.986305535 0.355023272 -0.070414692 0.997253716 -0.022951376 0.252120249 0.983851135 0.073227189 0.163323849 -0.093934626
70/714191750f8d607a 159692867 159959800 121.743784192 216.433397504 128.0 128.0 0.999054551 -0.019994022 -0.038603783 2.304297582 0.020427452 0.999732316 0.010866042 -0.472504303 0.038376193 -0.011644346 0.999195516 -6.233625078 0.996961772 -0.018604843 -0.075637802 2.541915461 0.01962327 0.999726236 0.012743643 -0.535788459 0.075379997 -0.014189186 0.997053921 -6.30762435
70/7141d6c75e602276 144394250 145395250 170.862024192 303.754696448 128.0 128.0 0.999988019 0.003084345 -0.003793658 -0.252055304 -0.003124819 0.999937773 -0.010709443 0.17150972 0.00376039 0.010721169 0.999935448 -1.000542757 0.999976158 0.004813008 -0.004950057 -0.37327614 -0.004927191 0.999715924 -0.023319373 0.364320717 0.004836414 0.023343205 0.999715805 -1.869576749
70/7145f0cd808fb217 159726233 159125633 127.899580672 227.37703168 128.0 128.0 0.9829036 0.006724091 0.183997959 -0.361717769 0.020403545 0.989200175 -0.145143956 1.055229736 -0.182986766 0.146416724 0.97215122 -0.770636299 0.992490113 0.002915559 0.122290336 -0.291454053 0.014199516 0.990211725 -0.13884908 0.922722349 -0.121498153 0.139542788 0.982733965 -0.705865169
70/714ac52a46a29820 117826044 116366256 144.696840192 257.238835712 128.0 128.0 0.999942422 -0.009210553 -0.005509188 0.011001654 0.007777539 0.975602627 -0.219405934 0.130388575 0.007395629 0.219350457 0.975618124 0.291311168 0.999998748 -0.001478129 -0.000574852 -0.003864821 0.001447074 0.998712182 -0.050714325 0.02435156 0.000649074 0.050713431 0.998713017 0.072463309
70/714b417f27ec5ec8 170203000 170470000 128.856313856 229.077908992 128.0 128.0 0.935220301 -0.052700996 0.350122303 -0.326738423 0.051671613 0.998588502 0.012287905 0.134059756 -0.350275695 0.006599487 0.936623394 -1.471068671 0.925337493 -0.057451017 0.374766409 -0.358486439 0.056150328 0.998318493 0.014399393 0.158737472 -0.374963492 0.007718959 0.927007437 -1.677456657
70/714d84e0be7d7dfb 252218633 251351100 125.08516352 222.373623552 128.0 128.0 0.976260781 0.026746567 -0.214940816 1.085218834 -0.019953487 0.999232352 0.03371267 0.068791162 0.215677515 -0.028623538 0.976045012 -3.654461035 0.996944487 0.020825528 -0.075286336 0.542951357 -0.018552694 0.999354482 0.0307636 0.076008929 0.075878404 -0.029272838 0.996687293 -3.407521598
70/71513cced04e557e 303403100 304437467 122.471101184 217.726386688 128.0 128.0 0.547035098 -0.348191559 0.761259019 -1.552573009 0.193383381 0.93735528 0.289772213 -1.372564611 -0.814466357 -0.011300722 0.580100656 -2.299990728 0.22612299 -0.399322897 0.888487279 -2.25342795 0.19647482 0.912062883 0.359915257 -1.647936051 -0.954078615 0.093180269 0.284695268 -2.138068617
70/71544ab5ea6dc037 170303467 169702867 125.699559168 223.46586368 128.0 128.0 0.989833951 -0.026325401 0.139770433 -0.081937197 0.02777848 0.999578357 -0.008455169 0.060735364 -0.139488906 0.012251824 0.990147829 -0.411038932 0.997084856 -0.014727571 0.074866123 -0.049071542 0.014689398 0.99989152 0.001060524 0.023491804 -0.074873626 4.2306e-05 0.997193038 -0.233547445
70/7157a08b4d909e22 285919000 287087000 122.795394048 218.302920704 128.0 128.0 0.703035355 -0.025384737 -0.710701704 0.728771238 0.030301854 0.999524415 -0.005725875 0.267335475 0.710509002 -0.017510086 0.70347023 -0.178534478 0.235211372 -0.032387283 -0.971404493 0.530336154 0.031593874 0.999171257 -0.025663052 0.457607231 0.9714306 -0.024654189 0.236039683 0.137317905
70/7159d6505aa199b0 97333333 97916667 148.752814336 264.449470208 128.0 128.0 0.994736671 0.00364104 -0.102399938 1.64936596 -0.00328453 0.99998796 0.00364995 0.124411119 0.102411993 -0.003294403 0.994736612 -1.566180261 0.993306875 0.003808865 -0.115442224 1.768140358 -0.003378939 0.999986589 0.003919631 0.173683711 0.115455605 -0.003503325 0.993306458 -2.160163441
70/715d0f9173c1e6c5 112078000 112646000 124.16969984 220.746135552 128.0 128.0 0.903832614 -0.010699917 0.427752346 0.154045114 0.01971045 0.999667227 -0.016641855 -0.014360121 -0.427431941 0.023472643 0.903742731 -0.087843494 0.863888443 -0.012768787 0.503521264 0.191549835 0.024033261 0.999584973 -0.015885269 -0.015893963 -0.503109455 0.025824359 0.863836765 -0.103483769
70/715e8695976cdb61 95295200 95328567 128.693616128 228.788654336 128.0 128.0 0.999966741 0.00436155 0.006891529 -0.07740033 -0.004363083 0.999990463 0.000207539 -0.001095194 -0.006890558 -0.000237601 0.999976218 -0.003975455 0.999967515 0.004233914 0.006856285 -0.079731277 -0.004234527 0.999991059 7.4849e-05 -0.000800612 -0.006855906 -0.000103879 0.999976516 -0.00373679
70/716ae06f1f482356 209142267 208107900 131.775005952 234.266668544 128.0 128.0 0.97386241 0.020122686 -0.226245716 -0.731627737 -0.018735498 0.999790192 0.008277137 -0.031326733 0.226364806 -0.003821966 0.974035084 0.113344296 0.985913455 0.02380674 -0.165553465 -0.457053928 -0.024099773 0.999709547 0.000238795 -0.012976864 0.165511057 0.00375437 0.986200809 0.149340452
70/716b5a321774e829 66166100 66800067 130.080064768 231.253436928 128.0 128.0 0.985364079 -0.023346802 0.168856785 0.036055703 0.023547012 0.999722421 0.000816913 0.138651039 -0.168828979 0.003171115 0.985640287 -0.457785212 0.962121964 -0.034478784 0.270430237 -0.074355187 0.032531478 0.999402463 0.011681128 0.179243151 -0.270671397 -0.002441175 0.962668717 -0.764338495
70/716bbd42362a7164 185051533 185885700 133.434180096 237.216320512 128.0 128.0 0.998947799 0.001214436 0.04584511 -0.456743942 -0.004097419 0.998014987 0.062843844 -0.24974107 -0.045677785 -0.062965564 0.996969819 -0.603656997 0.997902155 0.003156154 0.064663418 -0.706610392 -0.009797772 0.994668961 0.10265293 -0.383293183 -0.063994713 -0.103071138 0.992613256 -1.078705599
70/7170cb4f9883b731 248915333 247914333 132.775426816 236.045208576 128.0 128.0 0.969644487 0.002546864 0.244505718 0.152221671 -0.008682307 0.999673784 0.024018735 -0.00918502 -0.244364783 -0.025412509 0.969350338 -0.00745067 0.993640065 0.006560768 0.112411648 0.078952971 -0.00784189 0.999909222 0.010958335 -0.00695484 -0.11232955 -0.011770161 0.993601322 0.007031087
70/71712c08e8ef2a32 179400000 180100000 120.434281472 214.105398528 128.0 128.0 0.995771527 0.01050568 -0.091261834 -0.189988056 -0.011373251 0.999894917 -0.008991523 1.125116278 0.091157779 0.009991446 0.995786309 -1.609509391 0.988252103 0.022000449 -0.151240557 -0.297784013 -0.019938227 0.999686599 0.015138522 1.398497728 0.151526213 -0.011945208 0.988381088 -1.707137613
70/7175d6d6e0e136fd 255154900 254887967 151.177498624 268.759991808 128.0 128.0 0.949646473 -0.229237482 0.213592589 -1.021601651 0.217785224 0.973031938 0.076015934 -0.33146756 -0.225258112 -0.025670951 0.973960876 0.49737832 0.95192045 -0.224746019 0.208174571 -0.952500881 0.213743463 0.974066257 0.074220121 -0.263787386 -0.219456509 -0.026155697 0.975271642 0.37317399
70/71783d872a2ffba3 141875067 141407933 129.273088512 229.81883136 128.0 128.0 0.963623166 0.001258705 0.267261773 -0.132157089 -0.002357836 0.999990046 0.003791686 -0.019539809 -0.267254323 -0.004283916 0.96361649 -1.119277896 0.971744001 0.001169102 0.236034334 -0.07603467 -0.001903312 0.99999404 0.002882791 -0.004108191 -0.23602955 -0.003250582 0.971740425 -0.960892625
70/717fbe8af3bedede 218685133 219786233 119.591441152 212.607024896 128.0 128.0 0.768750966 -0.107849158 0.630389154 -0.176043771 0.112062864 0.993144631 0.033251487 0.102738177 -0.629653752 0.045081101 0.775566816 -0.534135566 0.729677081 -0.115187854 0.674020112 -0.308662465 0.123748183 0.991678178 0.03550794 0.140856712 -0.672501087 0.057499435 0.73785913 -0.776696952
70/7180ff013e6035c1 39539000 40073000 130.46937728 231.945563904 128.0 128.0 0.992752552 0.004804907 -0.120080426 2.650789927 -0.023739718 0.987351716 -0.156757712 0.923914698 0.117808409 0.1584723 0.980310023 -4.92506898 0.997568846 0.00253663 -0.069641821 2.651519079 -0.013380556 0.987715304 -0.155690327 0.953355768 0.068391368 0.156243667 0.985347927 -5.235747527
70/718129b865f6ffa7 234801233 235368467 123.052193536 218.759466496 128.0 128.0 0.933495164 -0.015973946 -0.358233958 0.210766284 0.019878637 0.999776363 0.007219412 -0.022904768 0.358038515 -0.013860489 0.933603942 -0.228739448 0.886158645 -0.014635753 -0.463150829 0.307663157 0.012278769 0.999891758 -0.008103692 -0.015771291 0.463219315 0.001494234 0.886242449 -0.298884371
70/71839426f277ca4d 153086267 152218733 156.736959488 278.643473152 128.0 128.0 0.999921203 -0.002592831 -0.0122814 -0.006239195 0.002138465 0.999317944 -0.036865965 -0.396549094 0.01236861 0.036836796 0.99924475 0.083429504 0.9999547 -0.000850139 -0.009479339 -0.00735178 0.000457952 0.99914676 -0.041298538 -0.342652188 0.00950636 0.041292328 0.999101877 0.090533172
70/71843776b11430dc 199966433 200233367 127.751651072 227.114048512 128.0 128.0 0.472497225 0.182646617 -0.86219871 2.38653693 -0.16444084 0.979381025 0.117354371 -0.084421601 0.865855396 0.086331055 0.492789388 -2.747079555 0.513152421 0.181748435 -0.838833809 2.247995569 -0.160225227 0.980427563 0.114410281 -0.0595647 0.843209624 0.075692423 0.532229424 -2.951208449
70/718526f20251ce53 54354354 53153153 121.86944512 216.656793344 128.0 128.0 0.58382535 -0.092874333 0.806549609 -0.173893392 0.118477419 0.992546737 0.028531414 0.713028719 -0.803188026 0.078900553 0.590477467 0.560953135 0.768522501 -0.081829041 0.634568512 -0.438366756 0.098422922 0.995102882 0.009121292 0.555277699 -0.632207334 0.055446167 0.772812784 0.343300439
70/718719c62325552f 50416000 51551000 134.766877696 239.585561344 128.0 128.0 0.910140395 0.028659523 -0.413307518 -0.803169982 -0.031865057 0.999491811 -0.000863077 0.123242733 0.413072735 0.013955588 0.910591125 -0.874128377 0.736134291 0.038937401 -0.675714612 -0.615264557 -0.047359675 0.998860121 0.005963965 0.178593556 0.675176561 0.027611343 0.737139225 -2.004900104
70/718964098658e7cd 43343300 44144100 110.360612096 196.196647936 128.0 128.0 0.86469388 -0.038596943 0.50081408 -0.798358523 0.049227498 0.998755395 -0.008022562 0.359107571 -0.499881119 0.031590886 0.865517676 -2.906581732 0.837070405 -0.046811495 0.545088887 -1.008252374 0.053622901 0.998555422 0.003408122 0.373776674 -0.544461012 0.026376408 0.838371336 -3.195119648
70/718a14926e4ab38b 99532767 100467033 119.401753344 212.269782272 128.0 128.0 0.925459504 -0.123825565 -0.358039081 0.868002985 0.010333159 0.952975392 -0.302871406 1.199723086 0.378705651 0.276595563 0.883219659 -1.166089709 0.887641132 -0.147932306 -0.436129808 1.126840478 -0.008782119 0.941395938 -0.337189168 1.660844654 0.46045199 0.30313313 0.834322631 -1.689439553
70/718d659094544773 139597000 138930000 110.406618368 196.278422528 128.0 128.0 0.991584301 0.029197913 0.126127094 -0.408228274 -0.03341721 0.998946011 0.031467002 0.024839334 -0.125075385 -0.035416998 0.991514921 -0.289196876 0.997091234 0.017577196 0.074162804 -0.23636164 -0.018551648 0.999750137 0.012470978 0.014530279 -0.07392507 -0.013810545 0.997168183 -0.243208541
70/71911b4af12b9a16 271371000 271905000 129.125317632 229.556137728 128.0 128.0 0.998412967 0.04984222 -0.026215784 0.859884827 -0.050377656 0.998526394 -0.020176094 0.29417851 0.025171533 0.021464763 0.999452651 -2.219615472 0.997258186 0.037263222 0.063933656 0.62506774 -0.036178283 0.999182403 -0.018044751 0.286929309 -0.06455379 0.015682267 0.997790992 -2.462874211
70/7191eb30a863f32a 148540033 149507667 123.197284096 219.017383168 128.0 128.0 0.87650156 -0.054182161 0.478340179 -0.180645449 0.025520623 0.997478485 0.066222064 -0.207307277 -0.4807221 -0.045836203 0.875674188 -0.42494154 0.856425703 -0.060178176 0.512750983 -0.171040651 0.035042502 0.997668684 0.058559772 -0.505352359 -0.515079618 -0.03218402 0.856537879 -0.387095086
70/7192174862bcca70 195962433 196696500 120.909010432 214.949367296 128.0 128.0 0.89603889 0.078199424 -0.437034547 0.245630149 -0.072711997 0.996922433 0.029301997 0.052277721 0.43798095 0.005521928 0.898967266 -0.418797059 0.860001206 0.086693071 -0.502874017 0.277646149 -0.076056562 0.996232152 0.041675828 0.055686907 0.50459224 0.002405603 0.863354445 -0.576969561
70/7193d145364c2d31 110343567 109709600 124.49577344 221.325812224 128.0 128.0 0.996624768 -0.01015353 0.081461176 0.086207141 0.009271423 0.999894321 0.011199531 0.032483807 -0.081566282 -0.01040647 0.996613562 -0.068617931 0.998574078 0.004457031 -0.053197052 -0.053771024 -0.004727015 0.999976575 -0.004950429 -0.009529317 0.053173739 0.005194834 0.998571754 0.010604104
70/71968459b3168e4f 85485400 86219467 122.53077888 217.83251712 128.0 128.0 0.841060638 0.064920858 -0.537030995 1.63740833 -0.077808283 0.996967435 -0.001336048 0.08006516 0.535315692 0.04290916 0.843561411 -2.009010178 0.779492021 0.057169769 -0.623797894 1.90709721 -0.073527418 0.997293055 -0.000479355 0.115996778 0.622081935 0.046239901 0.781585574 -2.158615663
70/719e2e8912e4eed3 115048000 115649000 123.442176256 219.452740096 128.0 128.0 0.236121342 -0.189871043 0.952993035 -0.528279279 0.12686497 0.978353739 0.163490728 0.096439383 -0.963406444 0.08229778 0.255098194 -0.732340799 0.242707551 -0.186373368 0.952028394 -0.515313505 0.11931695 0.979655683 0.161363482 0.116172822 -0.962733865 0.074428983 0.260007322 -0.88309143
70/71a0dfdb3d2bd300 150049900 148848700 121.347746816 215.729329152 128.0 128.0 0.973736703 0.005236866 0.227616876 -0.433018022 -0.004977733 0.999986172 -0.001712489 0.039401212 -0.227622688 0.000534497 0.97374928 -0.520545873 0.996787488 0.002442548 0.080054231 -0.164495613 -0.002386882 0.999996841 -0.000791047 0.002983399 -0.080055915 0.000597426 0.996790171 -0.238772668
70/71a822c7743af7a7 164197367 163930433 126.139471872 224.24794368 128.0 128.0 0.670689225 0.036805172 -0.740824759 0.667330599 -0.037149649 0.999181509 0.016008073 -0.03109838 0.740807593 0.016784936 0.671507597 -2.157284119 0.674958885 0.036542699 -0.736949861 0.682233524 -0.036420923 0.99920541 0.01618975 -0.031607612 0.736955881 0.015912978 0.675753474 -1.99245539
70/71aaf67494c15541 179379200 178611767 121.147399168 215.373145088 128.0 128.0 -0.318900555 -0.00018914 -0.947788179 1.872191763 -0.049056519 0.998662889 0.016306667 -0.245773251 0.946517766 0.051695395 -0.318483442 -1.733872259 -0.066655055 -0.000762555 -0.997775793 1.488677263 -0.050867725 0.99870193 0.002634887 -0.274570377 0.996478617 0.050930213 -0.066607326 -1.602429843
70/71aba5d7ee3afa3a 171371200 171404567 118.036275712 209.842279424 128.0 128.0 0.988596439 -0.115462877 0.096671402 0.025714706 0.079853736 0.946214318 0.31353128 0.014847516 -0.12767309 -0.302236319 0.944644272 0.050595198 0.988337934 -0.116495587 0.098066032 0.025231746 0.079822712 0.944774926 0.317850113 0.014974745 -0.129678458 -0.306315422 0.943055868 0.051701287
70/71ad2b255499f3cd 182949433 183583400 121.370904576 215.770508544 128.0 128.0 0.999666929 0.00353405 0.025564421 -0.077480055 -0.003711479 0.999969304 0.006896352 0.015677655 -0.025539266 -0.006988937 0.999649405 -0.280509315 0.996873736 0.012326105 -0.078043446 -0.047121172 -0.012037229 0.999918878 0.004170847 0.036413688 0.078088522 -0.003218381 0.996941209 -0.479208252
70/71af1e40d14233f2 196829967 197797600 139.77476992 248.488480768 128.0 128.0 0.976703346 0.046217535 -0.20955795 -0.683829083 -0.044348001 0.998923361 0.013614071 0.00101826 0.209961534 -0.004003432 0.977701426 -0.054198215 0.96079272 0.053527247 -0.272051871 -0.885812473 -0.060997888 0.99795568 -0.019071752 0.003550755 0.270474851 0.034918591 0.962093592 -0.052528653
70/71b26cd4329cea43 285051000 285518000 121.042313984 215.186330112 128.0 128.0 0.999998391 0.001586463 0.00082261 0.061404643 -0.001596426 0.999923587 0.012256134 -1.061776238 -0.000803104 -0.012257428 0.999924541 -0.064308612 0.99999702 0.002425382 0.000198465 0.058138933 -0.002427778 0.999910951 0.013124457 -1.219552473 -0.000166616 -0.0131249 0.999913871 -0.099375427
71/71b3f7c9e77336c4 52352300 51684967 123.573779456 219.686723072 128.0 128.0 0.938433766 0.040566623 -0.343069106 -0.165200526 -0.056804217 0.997684181 -0.0374103 0.203172127 0.340757012 0.054594863 0.938564897 -1.898826516 0.960189342 0.033558063 -0.277327061 -0.304848585 -0.046473004 0.998113275 -0.040126398 0.159437484 0.275457263 0.051417165 0.959937274 -1.519750969
71/71b9b21424e1cc97 65432033 66132733 117.468472576 208.832820992 128.0 128.0 0.876347363 -0.045413703 0.47953406 -0.119494242 0.04926236 0.998775482 0.004560998 0.245406906 -0.479153991 0.019625962 0.877511382 -1.680785742 0.810088933 -0.063945591 0.582809508 -0.373268808 0.073750392 0.997252822 0.006907149 0.322119754 -0.581650078 0.037387021 0.812579453 -2.025027295
71/71baaf1c67f27129 44344300 43309933 178.770789376 317.814718976 128.0 128.0 0.974588931 -0.036642961 0.220983535 -0.269286713 0.035420716 0.999327421 0.009492464 0.060213107 -0.221182734 -0.001423856 0.975231349 -0.183452611 0.983092964 -0.031579208 0.180363566 -0.191989497 0.030617177 0.999498248 0.008116007 0.053098089 -0.180529356 -0.002456566 0.983566523 -0.107038573
71/71bc75d5003c5e82 130640000 132080000 172.274145536 306.265145088 128.0 128.0 0.999940038 0.000456942 -0.010941509 0.001831466 0.001518595 0.983690143 0.179864943 -0.432333304 0.010845242 -0.179870784 0.983630478 1.346094546 0.999902189 0.001065472 -0.013947618 -0.013262189 0.001799732 0.979008853 0.203809872 -0.453312489 0.013871996 -0.203815043 0.978911102 1.53496026
71/71bf1918ddaf971a 41441400 40473767 127.899750912 227.377332736 128.0 128.0 0.771942496 0.065717146 -0.63228637 -0.72636776 -0.064943969 0.997590661 0.024396855 -0.270074786 0.6323663 0.022230215 0.774350524 -0.25573285 0.870525658 0.051557451 -0.489414811 -0.573044419 -0.055351142 0.998444259 0.006727735 -0.210024392 0.489000291 0.021233002 0.872025132 -0.141315238
71/71bf54c2f3051d69 159759600 159325833 127.53664 226.731818752 128.0 128.0 0.947700679 -0.05348859 0.314646393 -0.325063457 0.059116855 0.998216033 -0.008364675 -0.011187845 -0.313637674 0.026528114 0.94917208 0.014648592 0.972612619 -0.041017748 0.228784204 -0.236667346 0.042353451 0.999102235 -0.000929159 0.00936408 -0.228540704 0.010593513 0.973476708 -0.026439811
71/71c1c052632606d3 151366000 150233000 132.727083776 235.95925632 128.0 128.0 0.934155643 0.005456013 -0.356824219 0.003226174 -0.008863666 0.999929368 -0.007915428 9.2251e-05 0.356755823 0.010557013 0.934138 0.28428936 0.964707017 0.004558804 -0.263286203 0.024535776 -0.006863625 0.99994576 -0.007834933 0.001652083 0.263236195 0.009365512 0.964685977 0.201828108
71/71c45562c10fd450 116449667 117183733 124.84261632 221.94244224 128.0 128.0 0.840340376 -0.031023216 0.541170597 -0.590795184 0.032323565 0.999452233 0.007102057 0.068708834 -0.541094482 0.011524418 0.840882838 -1.234088349 0.762767255 -0.045305502 0.645084143 -0.71063962 0.044349033 0.998859048 0.017712139 -0.001891114 -0.645150602 0.015098619 0.76390624 -1.304588841
71/71c8c9e729b12aae 116560000 115240000 122.586906368 217.932278272 128.0 128.0 0.999998987 -0.001401502 0.000247365 0.09583744 0.001365224 0.993775249 0.111395396 0.01143641 -0.000401946 -0.111394942 0.993776143 -0.00303973 0.999999821 -7.0526e-05 0.000580354 0.044755209 4.0972e-05 0.998710513 0.050767463 0.006756586 -0.000583186 -0.050767429 0.998710334 -0.009765281
71/71ca90718daf0b09 199966000 200199000 126.383969024 224.682619392 128.0 128.0 0.992268085 0.123632617 0.010911486 1.824878112 -0.123082824 0.991525054 -0.041578062 0.202011397 -0.015959416 0.039913569 0.999075651 1.083742476 0.990621805 0.131544799 0.036937274 1.989784399 -0.129630193 0.990292192 -0.050173979 0.15451986 -0.043178819 0.044915251 0.998057246 1.246975434
71/71cee2cdf48a89d7 58200000 57133000 127.144839424 226.035248384 128.0 128.0 0.471430153 -0.718732536 0.511054933 -1.189598688 0.769772232 0.618136644 0.159241393 -0.473476093 -0.430353731 0.318324685 0.844668627 0.687327828 0.670942128 -0.627944589 0.394363135 -0.917006106 0.651284277 0.75330472 0.091437407 -0.303939 -0.354493231 0.195493296 0.914394319 0.492497231
71/71d24f4e70b1596e 191291000 190190000 128.871277056 229.104488192 128.0 128.0 0.673232198 -0.101471461 0.732435584 -1.096298811 0.158278689 0.987356186 -0.008696795 -0.351056838 -0.722292364 0.121783912 0.680780768 -3.28805792 0.696419477 -0.097892746 0.710926771 -1.254765302 0.146918342 0.989118516 -0.007721298 -0.173862072 -0.702434957 0.109825447 0.703223646 -2.234302763
71/71d5e4a63de69039 212378833 212045167 129.153778176 229.606720512 128.0 128.0 0.999545634 -0.00345355 0.029943094 0.179089359 0.003345909 0.999987781 0.003644232 -0.039894981 -0.029955313 -0.003542389 0.999544978 -0.983173999 0.999745071 0.000377738 0.02257671 0.128596168 -0.000424753 0.999997735 0.002077693 -0.016684904 -0.022575876 -0.002086753 0.999742925 -0.68098156
71/71d70edad4f466d8 147447300 146446300 124.46576 221.272456192 128.0 128.0 0.704299092 0.063868701 -0.707024455 2.402609669 -0.0245535 0.997540355 0.065653451 0.997866948 0.709478617 -0.028879743 0.704134941 -2.961760306 0.856743515 0.034655306 -0.514577031 1.57282106 -0.020986002 0.999256074 0.032356478 1.156800566 0.515315533 -0.016922288 0.856833398 -2.933762596
